0 1
0 2
0 3
0 4
0 5
0 6
7 3
7 4
7 8
9 2
9 8
10 11
10 12
10 13
10 14
10 15
10 16
16 14
16 10
16 15
17 18
17 19
17 20
17 4
17 21
17 22
23 18
23 19
23 3
22 18
22 1
22 19
22 24
8 25
8 20
8 3
8 4
8 26
8 27
28 13
28 14
11 12
11 14
11 29
11 10
11 30
11 31
11 32
11 33
25 20
25 3
25 4
18 19
18 20
18 3
18 4
18 16
18 17
1 18
1 3
1 4
2 0
2 25
2 20
2 3
12 13
12 34
12 15
12 35
12 36
19 0
19 18
19 4
19 23
19 22
13 11
13 12
13 14
14 11
14 25
14 12
14 13
14 37
14 10
14 16
14 8
20 25
20 14
20 3
20 4
20 38
20 17
20 8
3 20
3 4
3 38
3 26
3 5
3 6
4 20
4 3
4 24
4 38
4 26
39 40
39 15
39 31
39 32
39 33
39 41
39 35
39 42
39 43
39 36
39 44
39 45
46 24
46 26
47 48
47 49
47 50
47 51
47 52
47 53
47 40
47 34
47 30
37 13
37 51
37 54
37 40
37 15
37 16
24 4
24 38
24 53
21 18
21 29
21 52
21 38
21 30
48 51
48 54
48 55
56 28
56 39
56 54
56 40
56 31
49 47
49 21
49 29
49 52
49 38
49 53
49 15
49 35
29 52
29 34
29 30
29 15
50 53
50 57
51 48
51 55
52 21
52 49
52 29
52 34
52 30
52 15
54 37
54 48
54 56
54 40
38 3
38 4
38 24
38 53
38 26
38 6
53 24
53 21
53 50
53 38
53 57
53 58
53 27
40 37
40 48
40 51
40 54
34 12
34 29
34 30
34 15
34 36
30 21
30 52
30 34
30 15
30 36
15 29
15 34
15 30
15 36
59 60
59 31
61 62
61 26
61 5
61 6
61 63
61 27
57 50
57 53
57 62
57 26
57 5
57 6
57 58
60 59
60 55
60 32
60 33
55 48
55 61
55 62
55 31
55 26
55 32
55 33
55 5
55 6
62 60
62 26
62 32
62 33
62 5
62 6
62 27
62 45
31 39
31 60
31 32
31 33
31 36
26 3
26 4
26 61
26 55
26 5
26 6
26 27
32 60
32 55
32 62
32 31
32 33
32 6
32 36
33 31
33 32
33 6
33 42
33 27
5 61
5 62
5 26
5 6
5 42
5 44
5 27
5 45
6 61
6 62
6 32
6 33
6 5
64 35
64 65
64 66
64 36
64 27
64 45
63 61
63 62
63 26
63 6
63 67
63 27
63 45
68 69
68 43
58 53
58 55
58 62
58 5
58 6
58 64
58 36
41 68
41 69
41 35
41 43
41 27
41 45
69 68
69 43
69 67
35 41
35 43
35 27
42 67
42 66
42 44
42 27
42 45
65 67
65 66
65 44
65 27
65 45
43 41
43 35
43 66
43 36
43 27
43 45
67 42
67 65
67 66
67 44
67 27
67 45
66 41
66 42
66 65
66 67
66 44
66 27
66 45
36 56
36 69
36 35
36 43
36 27
36 45
44 42
44 65
44 67
44 66
44 45
27 42
27 67
27 66
27 44
27 45
45 64
45 35
45 42
45 65
45 67
45 66
45 44
45 27
